5058.547   26.0   29372   49135   -2.750   1.000   01   33.4   NIST
5141.799   26.0   19552   38996   -2.124   1.000   99   127.1   KFEm
5180.116   26.0   36079   55379   -1.120   1.000   12   79.5   NIST
5196.120   26.0   34329   53569   -0.590   1.000   12   93.8   KFE
5197.637   26.1   26055   45290   -2.230   1.000   99   84.8   KFE
5198.001   26.0   34692   53925   -1.480   1.000   12   54.4   NIST
5217.456   26.0   25900   45061   -1.020   1.000   10   132.2   KFE
5223.249   26.0   29320   48460   -2.243   1.000   01   59.2   NIST
5225.599   26.0   888   20020   -4.669   1.000   01   152.8   NIST
5234.698   26.1   25982   45080   -2.180   1.000   99   94.0   KFE
5242.562   26.0   29313   48383   -0.807   1.000   99   116.0   KFE
5243.842   26.0   34329   53394   -0.930   1.000   12   89.2   NIST
5247.127   26.0   704   19757   -4.800   1.000   99   150.8   KFE
5253.091   26.0   18378   37410   -3.849   1.000   01   67.0   NIST
5253.534   26.0   26479   45509   -1.523   1.000   10   109.8   NIST
5264.874   26.1   26055   45044   -3.130   1.000   99   59.5   KFE
5288.594   26.0   29799   48703   -1.550   1.000   99   94.7   KFE
5294.620   26.0   29357   48239   -2.680   1.000   99   42.8   KFE
5295.384   26.0   35612   54491   -1.530   1.000   12   53.5   NIST
5321.184   26.0   35768   54555   -1.261   1.000   12   68.5   NIST
5325.631   26.1   25982   44754   -3.210   1.000   99   56.4   KFE
5326.223   26.0   28820   47590   -2.210   1.000   99   81.1   KFEm
5386.411   26.0   33507   52067   -1.700   1.000   10   61.9   NIST
5401.373   26.0   34844   53353   -1.720   1.000   12   61.5   NIST
5425.335   26.1   25805   44233   -3.290   1.000   99   53.3   KFE
5441.425   26.0   34782   53155   -1.590   1.000   12   59.9   NIST
5460.963   26.0   24772   43079   -3.530   1.000   21   33.6   NIST
5461.633   26.0   35856   54161   -1.612   1.000   12   53.1   NIST
5464.365   26.0   33413   51708   -1.582   1.000   21   72.5   NIST
5470.181   26.0   35856   54133   -1.610   1.000   12   52.7   NIST
5494.555   26.0   32874   51069   -1.960   1.000   99   59.4   KFEm
5522.540   26.0   33947   52050   -1.400   1.000   10   72.5   NIST
5525.642   26.0   34122   52214   -1.184   1.000   99   86.1   KFEm
5538.612   26.0   34017   52067   -1.559   1.000   99   69.4   KFE
5539.374   26.0   29372   47420   -2.610   1.000   01   50.4   NIST
5546.608   26.0   35257   53282   -1.080   1.000   12   85.2   NIST
5552.793   26.0   39970   57974   -1.800   1.000   12   17.6   NIST
5560.310   26.0   35768   53748   -1.000   1.000   12   77.5   NIST
5576.177   26.0   27666   45595   -0.840   1.000   10   123.6   KFE
5587.677   26.0   33413   51305   -1.650   1.000   21   72.9   NIST
5609.085   26.0   33947   51771   -2.360   1.000   99   34.5   KFE
5611.458   26.0   29320   47136   -2.960   1.000   99   34.0   KFE
5618.738   26.0   33947   51740   -1.260   1.000   99   79.8   KFE
5619.703   26.0   35379   53169   -1.480   1.000   99   65.7   KFE
5635.929   26.0   34329   52067   -1.560   1.000   99   65.0   KFE
5636.804   26.0   29357   47093   -2.530   1.000   99   54.5   KFE
5638.365   26.0   34040   51771   -0.690   1.000   99   108.2   KFE
5651.576   26.0   36079   53769   -1.780   1.000   99   42.0   KFE
5652.420   26.0   34363   52050   -1.760   1.000   99   53.6   KFE
5677.800   26.0   33096   50704   -2.680   1.000   99   25.0   KFE
5679.134   26.0   37521   55125   -0.680   1.000   99   82.6   KFE
5680.342   26.0   33765   51365   -2.370   1.000   99   36.8   KFE
5701.660   26.0   20641   38175   -2.130   1.000   99   140.0   KFE
5705.575   26.0   34692   52214   -1.455   1.000   99   72.1   KFE
5717.941   26.0   34556   52040   -0.990   1.000   99   94.7   KFE
5731.878   26.0   34329   51771   -1.060   1.000   99   91.2   KFE
5741.963   26.0   34329   51740   -1.640   1.000   99   63.9   KFE
5743.069   26.0   33695   51103   -2.320   1.000   99   38.9   KFE
5752.149   26.0   36686   54067   -0.867   1.000   99   81.9   KFE
5753.241   26.0   34363   51740   -0.588   1.000   99   105.9   KFE
5760.467   26.0   29372   46727   -2.450   1.000   99   60.7   KFE
5775.198   26.0   34040   51350   -1.040   1.000   99   92.1   KFE
5853.276   26.0   11976   29056   -5.170   1.000   99   56.3   KFE
5855.205   26.0   37163   54237   -1.540   1.000   99   47.8   KFE
5856.211   26.0   34637   51708   -1.550   1.000   99   67.5   KFE
5859.713   26.0   36686   53748   -0.388   1.000   99   101.0   KFE
5861.232   26.0   34547   51604   -2.400   1.000   99   25.4   KFE
5862.487   26.0   36686   53739   -0.148   1.000   99   110.8   KFE
5881.395   26.0   37163   54161   -1.770   1.000   99   41.4   KFE
5905.804   26.0   37521   54449   -0.388   1.000   99   82.5   KFE
5916.385   26.0   19788   36686   -2.857   1.000   99   114.2   KFE
5927.922   26.0   37521   54386   -1.020   1.000   99   69.7   KFE
5929.808   26.0   36686   53546   -1.170   1.000   99   71.1   KFE
5930.320   26.0   37521   54379   -0.010   1.000   99   113.3   KFE
5934.792   26.0   31686   48532   -1.060   1.000   99   112.3   KFE
5956.830   26.0   6928   23711   -4.500   1.000   99   133.2   KFE
5983.822   26.0   36686   53394   -0.558   1.000   99   98.2   KFE
5991.500   26.1   25429   42115   -3.590   1.000   99   48.4   KFE
6003.154   26.0   31307   47961   -0.970   1.000   99   115.4   KFE
6008.106   26.0   37521   54161   -0.620   1.000   99   89.1   KFE
6008.703   26.0   31323   47961   -0.830   1.000   99   120.3   KFE
6024.204   26.0   36686   53282   0.200   1.000   99   128.1   KFE
6027.198   26.0   32874   49461   -1.020   1.000   99   101.1   KFE
6056.150   26.0   38175   54683   -0.340   1.000   99   96.0   KFE
6065.636   26.0   21039   37521   -1.400   1.000   99   173.1   KFE
6079.158   26.0   37521   53967   -0.960   1.000   99   75.9   KFE
6082.855   26.0   17927   34363   -3.550   1.000   99   95.8   KFE
6084.256   26.1   25805   42237   -3.800   1.000   99   35.4   KFE
6093.791   26.0   37163   53569   -1.340   1.000   99   58.0   KFE
6094.517   26.0   37521   53925   -1.610   1.000   99   44.4   KFE
6096.812   26.0   32134   48532   -1.810   1.000   99   75.8   KFE
6098.402   26.0   36767   53160   -1.800   1.000   99   43.7   KFE
6120.399   26.0   7377   23711   -5.930   1.000   99   55.9   KFE
6128.059   26.0   33413   49727   -1.349   1.000   99   86.5   KFE
6149.398   26.1   31368   47626   -2.750   1.000   99   44.0   KFE
6151.773   26.0   17550   33802   -3.230   1.000   99   108.5   KFE
6157.886   26.0   32874   49109   -1.120   1.000   99   103.6   KFE
6159.521   26.0   37163   53394   -1.890   1.000   99   34.4   KFE
6165.514   26.0   33413   49628   -1.430   1.000   99   78.3   KFE
6173.494   26.0   17927   34122   -2.800   1.000   99   128.3   KFE
6187.545   26.0   22838   38996   -4.190   1.000   99   25.3   KFE
6188.144   26.0   31805   47961   -1.660   1.000   99   84.6   KFE
6200.476   26.0   21039   37163   -2.300   1.000   99   128.7   KFEm
6213.595   26.0   17927   34017   -2.450   1.000   99   143.4   KFE
6219.442   26.0   17727   33802   -2.340   1.000   99   154.0   KFE
6220.944   26.0   31307   47378   -2.370   1.000   99   55.3   KFEm
6226.893   26.0   31323   47378   -2.110   1.000   99   64.3   KFEm
6232.799   26.0   29469   45509   -1.180   1.000   99   126.3   KFEm
6240.806   26.0   17927   33947   -3.230   1.000   99   108.8   KFE
6246.485   26.0   29056   45061   -0.778   1.000   99   145.8   KFEm
6247.720   26.1   31388   47390   -2.350   1.000   99   58.1   KFEm
6252.728   26.0   19390   35379   -1.640   1.000   99   179.9   KFEm
6265.300   26.0   17550   33507   -2.460   1.000   99   155.2   KFE
6270.392   26.0   23052   38996   -2.510   1.000   99   103.9   KFEm
6271.451   26.0   26875   42816   -2.763   1.000   99   66.0   KFE
6297.980   26.0   17927   33802   -2.660   1.000   99   156.3   KFE
6302.661   26.0   29733   45595   -1.083   1.000   99   116.3   KFE
6311.667   26.0   22838   38678   -3.150   1.000   99   77.1   KFE
6315.980   26.0   32874   48703   -1.650   1.000   99   78.6   KFEm
6322.859   26.0   20874   36686   -2.330   1.000   99   132.2   KFEm
6331.017   26.0   38175   53967   -1.170   1.000   99   57.9   KFEm
6335.506   26.0   17727   33507   -2.200   1.000   99   162.7   KFE
6337.002   26.0   29733   45509   -0.806   1.000   99   138.9   KFEm
6369.636   26.1   23318   39013   -4.180   1.000   99   31.1   KFEm
6380.927   26.0   33765   49433   -1.280   1.000   99   88.9   KFEm
6392.714   26.0   18378   34017   -3.956   1.000   99   69.7   KFE
6417.103   26.0   38678   54258   -0.995   1.000   99   50.4   KFEm
6431.025   26.0   17550   33096   -1.996   1.000   99   187.3   Jm
6432.858   26.1   23318   38859   -3.630   1.000   99   57.6   Jm
6436.571   26.0   33765   49298   -2.410   1.000   99   35.6   KFE
6456.565   26.1   31483   46967   -2.080   1.000   99   71.3   Jm
6464.856   26.0   7728   23192   -5.511   1.000   99   62.0   KFE
6482.065   26.0   18378   33802   -2.890   1.000   99   131.7   Jm
6496.658   26.0   38678   54067   -0.520   1.000   99   92.4   Jm
6499.126   26.0   7728   23111   -4.600   1.000   99   129.7   J
6518.968   26.0   35768   51103   -2.520   1.000   99   43.6   kp
6534.120   26.0   36767   52067   -1.220   1.000   99   66.0   J
6556.979   26.0   38678   53925   -1.705   1.000   99   36.5   KFE
6569.407   26.0   38175   53394   -0.330   1.000   99   106.9   J
6574.421   26.0   7986   23192   -4.970   1.000   99   107.2   J
6581.392   26.0   11976   27167   -4.750   1.000   99   91.9   J
6591.504   26.0   37046   52213   -2.030   1.000   99   26.5   KFEm
6594.075   26.0   19621   34782   -2.300   1.000   99   148.6   Jm
6608.218   26.0   18378   33507   -3.990   1.000   99   71.8   J
6625.193   26.0   8155   23245   -5.330   1.000   99   103.8   KFE
6627.749   26.0   36686   51771   -1.500   1.000   99   59.3   J
6633.597   26.0   38996   54067   -1.260   1.000   99   56.4   Jm
6699.346   26.0   37046   51969   -2.170   1.000   99   24.6   KFEm
6703.770   26.0   22249   37163   -3.010   1.000   99   92.4   KFE
6713.946   26.0   38678   53569   -1.440   1.000   99   45.6   KFEm
6725.563   26.0   33096   47961   -2.220   1.000   99   45.5   KFEm
6726.875   26.0   37158   52020   -1.010   1.000   99   75.3   KFEm
6733.360   26.0   37410   52257   -1.440   1.000   99   56.7   KFEm
6739.729   26.0   12561   27395   -4.934   1.000   99   71.3   KFEm
6746.173   26.0   32874   47693   -2.730   1.000   99   23.9   KFEm
6750.370   26.0   19552   34363   -2.510   1.000   99   135.5   KFEm
6752.926   26.0   37410   52214   -1.244   1.000   99   72.3   KFEm
6787.074   26.0   33802   48532   -1.920   1.000   99   57.8   KFEm
6793.465   26.0   36976   51692   -2.420   1.000   99   41.2   KFE
